00000583
00000584
00000732
00000594
00000595
00000733
00000734
00000585
00000586
00000587
00000588
00000567
00000568
00000569
00000570
00000571
00000572
00000573
00000574
00000575
00000576
00000593
00000577
00000578
00000579
00000580
00000581
00000582
00000565
00000566
00000592
00000731
00000601
00000619
00000598
00000604
00000615
00000614
00000729
00000603
00000600
00000596
00000608
00000609
00000613
00000612
00000659
00000660
00000620
00000622
00000626
00000670
00000702
00000703
00000728
00000597
00000610
00000680
00000682
00000683
00000692
00000693
00000704
00000707
00000705
00000709
00000607
00000618
00000625
00000679
00000681
00000694
00000602
00000623
00000708
00000599
00000605
00000616
00000611
00000710
00000624
00000723
00000724
00000725
00000644
00000657
00000658
00000691
00000698
00000706
00000715
00000643
00000666
00000667
00000696
00000712
00000713
00000726
00000621
00000606
00000669
00000617
00000661
00000668
00000727
00000730
00000645
00000646
00000647
00000648
00000673
00000674
00000675
00000676
00000677
00000714
00000649
00000650
00000652
00000651
00000678
00000655
00000656
00000653
00000654