00000421
00000422
00000563
00000564
00000423
00000424
00000425
00000426
00000405
00000427
00000406
00000429
00000407
00000428
00000408
00000409
00000410
00000411
00000412
00000413
00000414
00000431
00000415
00000416
00000417
00000418
00000419
00000420
00000403
00000404
00000430
00000472
00000477
00000535
00000536
00000552
00000553
00000554
00000555
00000467
00000470
00000469
00000498
00000473
00000474
00000463
00000464
00000465
00000466
00000500
00000501
00000531
00000475
00000507
00000508
00000520
00000521
00000522
00000523
00000524
00000525
00000533
00000547
00000468
00000537
00000499
00000476
00000478
00000526
00000471
00000556
00000557
00000558
00000437
00000455
00000434
00000440
00000451
00000450
00000439
00000436
00000432
00000444
00000445
00000449
00000448
00000495
00000496
00000456
00000458
00000462
00000506
00000538
00000539
00000433
00000446
00000516
00000518
00000519
00000528
00000529
00000540
00000543
00000541
00000545
00000443
00000454
00000461
00000515
00000517
00000530
00000438
00000459
00000544
00000435
00000441
00000452
00000447
00000546
00000460
00000559
00000560
00000561
00000480
00000493
00000494
00000527
00000534
00000542
00000551
00000479
00000502
00000503
00000532
00000548
00000549
00000562
00000457
00000442
00000505
00000453
00000497
00000504
00000481
00000482
00000483
00000484
00000509
00000510
00000511
00000512
00000513
00000550
00000485
00000486
00000488
00000487
00000514
00000491
00000492
00000489
00000490
