00000254
00000255
00000256
00000257
00000258
00000259
00000260
00000261
00000262
00000263
00000264
00000265
00000266
00000267
00000268
00000269
00000270
00000271
00000272
00000273
00000274
00000275
00000276
00000277
00000278
00000279
00000280
00000281
00000282
00000283
00000284
00000285
00000286
00000287
00000288
00000289
00000290
00000291
00000292
00000293
00000294
00000295
00000296
00000297
00000298
00000299
00000300
00000301
00000302
00000303
00000304
00000305
00000306
00000307
00000308
00000309
00000310
00000311
00000312
00000313
00000314
00000315
00000316
00000317
00000318
00000319
00000320
00000321
00000322
00000323
00000324
00000325
00000326
00000327
00000328
00000329
00000330
00000331
00000332
00000333
00000334
00000335
00000336
00000337
00000338
00000339
00000340
00000341
00000342
00000343
00000344
00000345
00000346
00000347
00000348
00000349
00000350
00000351
00000352
00000353
00000354
00000355
00000356
00000357
00000358
00000359
00000360
00000361
00000362
00000363
00000364
00000365
00000366
00000367
00000368
00000369
00000370
00000371
00000372
00000373
00000374
00000375
00000376
00000377
00000378
00000379
00000380
00000381
00000382
00000383
00000384
00000385
00000386
00000387
00000388
00000389
00000390
00000391
00000392
00000393
00000394
00000395
00000396
00000397
